poses
     RDKit          3D

 78 82  0  0  0  0  0  0  0  0999 V2000
   16.6760   13.3270  184.4400 C   0  0  0  0  0  0  0  0  0  0  0  0
   15.6000   14.4100  184.3960 C   0  0  0  0  0  0  0  0  0  0  0  0
   15.8310   15.5310  183.6000 C   0  0  0  0  0  0  0  0  0  0  0  0
   14.9020   16.5450  183.5590 C   0  0  0  0  0  0  0  0  0  0  0  0
   15.1370   17.7360  182.7080 C   0  0  0  0  0  0  0  0  0  0  0  0
   15.3690   18.8010  183.7110 N   0  0  0  0  0  0  0  0  0  0  0  0
   16.3950   19.7580  183.1920 C   0  0  2  0  0  0  0  0  0  0  0  0
   17.4220   18.8720  182.4880 C   0  0  0  0  0  0  0  0  0  0  0  0
   18.5530   18.6270  183.3370 O   0  0  0  0  0  0  0  0  0  0  0  0
   17.0170   20.6810  184.2640 C   0  0  0  0  0  0  0  0  0  0  0  0
   16.6580   20.7410  185.4550 O   0  0  0  0  0  0  0  0  0  0  0  0
   18.0150   21.4640  183.8790 O   0  0  0  0  0  0  0  0  0  0  0  0
   13.6080   16.4550  184.2880 C   0  0  0  0  0  0  0  0  0  0  0  0
   12.7690   17.5140  184.1540 O   0  0  0  0  0  0  0  0  0  0  0  0
   11.7980   17.5450  183.1340 C   0  0  0  0  0  0  0  0  0  0  0  0
   10.4760   17.5850  183.8220 C   0  0  0  0  0  0  0  0  0  0  0  0
   10.0770   18.8260  184.2450 C   0  0  0  0  0  0  0  0  0  0  0  0
    8.8950   18.9680  184.9210 C   0  0  0  0  0  0  0  0  0  0  0  0
    8.0570   17.8740  185.1620 C   0  0  0  0  0  0  0  0  0  0  0  0
    8.4500   16.6040  184.7410 C   0  0  0  0  0  0  0  0  0  0  0  0
    7.7140   15.5620  185.0040 C   0  0  0  0  0  0  0  0  0  0  0  0
    7.0150   14.6930  185.3840 N   0  0  0  0  0  0  0  0  0  0  0  0
    9.6880   16.4520  184.0940 C   0  0  0  0  0  0  0  0  0  0  0  0
   13.3310   15.3260  185.1070 C   0  0  0  0  0  0  0  0  0  0  0  0
   14.3060   14.2960  185.1910 C   0  0  0  0  0  0  0  0  0  0  0  0
   14.0690   13.2300  185.9710 O   0  0  0  0  0  0  0  0  0  0  0  0
   13.1710   12.3010  185.2520 C   0  0  0  0  0  0  0  0  0  0  0  0
   12.3430   11.7920  186.3100 C   0  0  0  0  0  0  0  0  0  0  0  0
   12.9110   11.1480  187.3470 C   0  0  0  0  0  0  0  0  0  0  0  0
   12.1640   10.6280  188.3330 C   0  0  0  0  0  0  0  0  0  0  0  0
   10.7970   10.8050  188.3050 C   0  0  0  0  0  0  0  0  0  0  0  0
   10.1560   11.4600  187.3070 C   0  0  0  0  0  0  0  0  0  0  0  0
    8.6480   11.5970  187.3830 C   0  0  0  0  0  0  0  0  0  0  0  0
    7.9980   12.5530  188.1800 C   0  0  0  0  0  0  0  0  0  0  0  0
    6.5690   12.6420  188.1380 C   0  0  0  0  0  0  0  0  0  0  0  0
    5.8650   11.7580  187.3300 C   0  0  0  0  0  0  0  0  0  0  0  0
    6.5560   10.7870  186.4850 C   0  0  0  0  0  0  0  0  0  0  0  0
    7.9500   10.6870  186.5620 C   0  0  0  0  0  0  0  0  0  0  0  0
    5.7840    9.9640  185.6720 O   0  0  0  0  0  0  0  0  0  0  0  0
    4.3290    9.8490  185.7730 C   0  0  0  0  0  0  0  0  0  0  0  0
    3.7580   11.1860  186.0690 C   0  0  0  0  0  0  0  0  0  0  0  0
    4.4900   11.7600  187.1870 O   0  0  0  0  0  0  0  0  0  0  0  0
   10.9270   12.0040  186.2650 C   0  0  0  0  0  0  0  0  0  0  0  0
   10.2700   12.7300  185.1730 C   0  0  0  0  0  0  0  0  0  0  0  0
   16.9133   13.0882  185.4872 H   0  0  0  0  0  0  0  0  0  0  0  0
   16.3077   12.4234  183.9322 H   0  0  0  0  0  0  0  0  0  0  0  0
   17.5820   13.6894  183.9322 H   0  0  0  0  0  0  0  0  0  0  0  0
   16.7539   15.6046  183.0061 H   0  0  0  0  0  0  0  0  0  0  0  0
   16.0175   17.5974  182.0634 H   0  0  0  0  0  0  0  0  0  0  0  0
   14.3086   17.9542  182.0180 H   0  0  0  0  0  0  0  0  0  0  0  0
   14.4890   19.3040  183.8880 H   0  0  0  0  0  0  0  0  0  0  0  0
   15.9378   20.4899  182.5098 H   0  0  0  0  0  0  0  0  0  0  0  0
   16.9519   17.9121  182.2280 H   0  0  0  0  0  0  0  0  0  0  0  0
   17.7685   19.3878  181.5803 H   0  0  0  0  0  0  0  0  0  0  0  0
   19.3660   18.5230  182.7820 H   0  0  0  0  0  0  0  0  0  0  0  0
   18.8240   21.0690  183.4680 H   0  0  0  0  0  0  0  0  0  0  0  0
   11.9300   18.4402  182.5085 H   0  0  0  0  0  0  0  0  0  0  0  0
   11.8809   16.6690  182.4738 H   0  0  0  0  0  0  0  0  0  0  0  0
   10.7050   19.7060  184.0418 H   0  0  0  0  0  0  0  0  0  0  0  0
    8.5978   19.9635  185.2824 H   0  0  0  0  0  0  0  0  0  0  0  0
    7.0963   18.0144  185.6791 H   0  0  0  0  0  0  0  0  0  0  0  0
   10.0394   15.4515  183.8015 H   0  0  0  0  0  0  0  0  0  0  0  0
   12.3844   15.2519  185.6623 H   0  0  0  0  0  0  0  0  0  0  0  0
   12.5714   12.8311  184.4974 H   0  0  0  0  0  0  0  0  0  0  0  0
   13.7045   11.5166  184.6951 H   0  0  0  0  0  0  0  0  0  0  0  0
   14.0056   11.0464  187.3866 H   0  0  0  0  0  0  0  0  0  0  0  0
   12.6363   10.0676  189.1532 H   0  0  0  0  0  0  0  0  0  0  0  0
   10.1985   10.3951  189.1319 H   0  0  0  0  0  0  0  0  0  0  0  0
    8.5790   13.2252  188.8285 H   0  0  0  0  0  0  0  0  0  0  0  0
    6.0379   13.3976  188.7355 H   0  0  0  0  0  0  0  0  0  0  0  0
    8.4898    9.9149  185.9941 H   0  0  0  0  0  0  0  0  0  0  0  0
    3.9216    9.4764  184.8216 H   0  0  0  0  0  0  0  0  0  0  0  0
    4.0668    9.1465  186.5778 H   0  0  0  0  0  0  0  0  0  0  0  0
    3.8571   11.8359  185.1871 H   0  0  0  0  0  0  0  0  0  0  0  0
    2.6916   11.0940  186.3225 H   0  0  0  0  0  0  0  0  0  0  0  0
    9.5876   13.4840  185.5924 H   0  0  0  0  0  0  0  0  0  0  0  0
   11.0307   13.2279  184.5538 H   0  0  0  0  0  0  0  0  0  0  0  0
    9.6989   12.0226  184.5538 H   0  0  0  0  0  0  0  0  0  0  0  0
  1  2  1  0
  2  3  2  0
  3  4  1  0
  4  5  1  0
  5  6  1  0
  6  7  1  0
  7  8  1  0
  8  9  1  0
  7 10  1  0
 10 11  2  0
 10 12  1  0
  4 13  2  0
 13 14  1  0
 14 15  1  0
 15 16  1  0
 16 17  2  0
 17 18  1  0
 18 19  2  0
 19 20  1  0
 20 21  1  0
 21 22  3  0
 20 23  2  0
 13 24  1  0
 24 25  2  0
 25 26  1  0
 26 27  1  0
 27 28  1  0
 28 29  2  0
 29 30  1  0
 30 31  2  0
 31 32  1  0
 32 33  1  0
 33 34  2  0
 34 35  1  0
 35 36  2  0
 36 37  1  0
 37 38  2  0
 37 39  1  0
 39 40  1  0
 40 41  1  0
 41 42  1  0
 32 43  2  0
 43 44  1  0
 25  2  1  0
 43 28  1  0
 23 16  1  0
 38 33  1  0
 42 36  1  0
  1 45  1  0
  1 46  1  0
  1 47  1  0
  3 48  1  0
  5 49  1  0
  5 50  1  0
  6 51  1  0
  7 52  1  6
  8 53  1  0
  8 54  1  0
  9 55  1  0
 12 56  1  0
 15 57  1  0
 15 58  1  0
 17 59  1  0
 18 60  1  0
 19 61  1  0
 23 62  1  0
 24 63  1  0
 27 64  1  0
 27 65  1  0
 29 66  1  0
 30 67  1  0
 31 68  1  0
 34 69  1  0
 35 70  1  0
 38 71  1  0
 40 72  1  0
 40 73  1  0
 41 74  1  0
 41 75  1  0
 44 76  1  0
 44 77  1  0
 44 78  1  0
M  END
>  <meeko>  (1) 
{"is_sidechain": [false], "free_energy": -7.1, "intermolecular_energy": -12.318, "internal_energy": -3.116}

$$$$
