poses
     RDKit          3D

 78 82  0  0  0  0  0  0  0  0999 V2000
   17.1510   13.3350  184.5340 C   0  0  0  0  0  0  0  0  0  0  0  0
   15.8230   14.0860  184.4620 C   0  0  0  0  0  0  0  0  0  0  0  0
   15.7390   15.1880  183.6130 C   0  0  0  0  0  0  0  0  0  0  0  0
   14.5710   15.9130  183.5440 C   0  0  0  0  0  0  0  0  0  0  0  0
   14.4720   17.0810  182.6370 C   0  0  0  0  0  0  0  0  0  0  0  0
   14.4880   18.2190  183.5840 N   0  0  0  0  0  0  0  0  0  0  0  0
   13.8220   19.4020  182.9530 C   0  0  2  0  0  0  0  0  0  0  0  0
   14.6870   20.5920  183.3670 C   0  0  0  0  0  0  0  0  0  0  0  0
   13.8980   21.5900  184.0310 O   0  0  0  0  0  0  0  0  0  0  0  0
   12.3310   19.5730  183.3180 C   0  0  0  0  0  0  0  0  0  0  0  0
   11.4520   20.0200  182.5570 O   0  0  0  0  0  0  0  0  0  0  0  0
   11.9640   19.2090  184.5390 O   0  0  0  0  0  0  0  0  0  0  0  0
   13.3540   15.5140  184.3000 C   0  0  0  0  0  0  0  0  0  0  0  0
   12.2600   16.3010  184.1350 O   0  0  0  0  0  0  0  0  0  0  0  0
   11.2180   15.9210  183.2680 C   0  0  0  0  0  0  0  0  0  0  0  0
    9.9900   15.8350  184.1100 C   0  0  0  0  0  0  0  0  0  0  0  0
    9.6350   14.5700  184.4960 C   0  0  0  0  0  0  0  0  0  0  0  0
    8.5030   14.3770  185.2410 C   0  0  0  0  0  0  0  0  0  0  0  0
    7.7090   15.4520  185.6540 C   0  0  0  0  0  0  0  0  0  0  0  0
    8.0550   16.7470  185.2660 C   0  0  0  0  0  0  0  0  0  0  0  0
    7.3010   17.7580  185.5910 C   0  0  0  0  0  0  0  0  0  0  0  0
    6.4930   18.5710  185.8620 N   0  0  0  0  0  0  0  0  0  0  0  0
    9.1880   16.9380  184.4580 C   0  0  0  0  0  0  0  0  0  0  0  0
   13.3960   14.3920  185.1740 C   0  0  0  0  0  0  0  0  0  0  0  0
   14.6120   13.6670  185.2860 C   0  0  0  0  0  0  0  0  0  0  0  0
   14.6750   12.6150  186.1160 O   0  0  0  0  0  0  0  0  0  0  0  0
   13.9660   11.4740  185.4980 C   0  0  0  0  0  0  0  0  0  0  0  0
   12.9250   11.2060  186.4520 C   0  0  0  0  0  0  0  0  0  0  0  0
   13.2430   11.0010  187.7430 C   0  0  0  0  0  0  0  0  0  0  0  0
   12.2990   10.7120  188.6520 C   0  0  0  0  0  0  0  0  0  0  0  0
   10.9780   10.6770  188.2610 C   0  0  0  0  0  0  0  0  0  0  0  0
   10.5790   10.8950  186.9840 C   0  0  0  0  0  0  0  0  0  0  0  0
    9.0970   10.8350  186.6690 C   0  0  0  0  0  0  0  0  0  0  0  0
    8.5640   10.1090  185.5910 C   0  0  0  0  0  0  0  0  0  0  0  0
    7.1440   10.0660  185.4110 C   0  0  0  0  0  0  0  0  0  0  0  0
    6.3340   10.7700  186.2950 C   0  0  0  0  0  0  0  0  0  0  0  0
    6.9000   11.4980  187.4280 C   0  0  0  0  0  0  0  0  0  0  0  0
    8.2910   11.5600  187.5710 C   0  0  0  0  0  0  0  0  0  0  0  0
    6.0230   12.1430  188.2920 O   0  0  0  0  0  0  0  0  0  0  0  0
    4.5980   12.3320  188.0170 C   0  0  0  0  0  0  0  0  0  0  0  0
    4.0700   11.1190  187.3460 C   0  0  0  0  0  0  0  0  0  0  0  0
    4.9530   10.7860  186.2400 O   0  0  0  0  0  0  0  0  0  0  0  0
   11.5590   11.1920  186.0220 C   0  0  0  0  0  0  0  0  0  0  0  0
   11.1640   11.4450  184.6310 C   0  0  0  0  0  0  0  0  0  0  0  0
   17.4273   13.1788  185.5872 H   0  0  0  0  0  0  0  0  0  0  0  0
   17.0490   12.3609  184.0333 H   0  0  0  0  0  0  0  0  0  0  0  0
   17.9332   13.9245  184.0333 H   0  0  0  0  0  0  0  0  0  0  0  0
   16.6045   15.4779  182.9992 H   0  0  0  0  0  0  0  0  0  0  0  0
   15.3285   17.1240  181.9482 H   0  0  0  0  0  0  0  0  0  0  0  0
   13.5838   17.0606  181.9883 H   0  0  0  0  0  0  0  0  0  0  0  0
   13.9830   17.9580  184.4420 H   0  0  0  0  0  0  0  0  0  0  0  0
   13.7685   19.2854  181.8605 H   0  0  0  0  0  0  0  0  0  0  0  0
   15.4764   20.2438  184.0493 H   0  0  0  0  0  0  0  0  0  0  0  0
   15.1299   21.0367  182.4636 H   0  0  0  0  0  0  0  0  0  0  0  0
   13.2290   21.9560  183.3990 H   0  0  0  0  0  0  0  0  0  0  0  0
   11.1290   19.5680  184.9320 H   0  0  0  0  0  0  0  0  0  0  0  0
   11.0863   16.6735  182.4766 H   0  0  0  0  0  0  0  0  0  0  0  0
   11.4351   14.9620  182.7749 H   0  0  0  0  0  0  0  0  0  0  0  0
   10.2583   13.7106  184.2079 H   0  0  0  0  0  0  0  0  0  0  0  0
    8.2113   13.3540  185.5211 H   0  0  0  0  0  0  0  0  0  0  0  0
    6.8204   15.2782  186.2786 H   0  0  0  0  0  0  0  0  0  0  0  0
    9.4472   17.9449  184.0989 H   0  0  0  0  0  0  0  0  0  0  0  0
   12.5074   14.0932  185.7494 H   0  0  0  0  0  0  0  0  0  0  0  0
   13.5474   11.7486  184.5185 H   0  0  0  0  0  0  0  0  0  0  0  0
   14.6147   10.6081  185.2996 H   0  0  0  0  0  0  0  0  0  0  0  0
   14.2943   11.0714  188.0588 H   0  0  0  0  0  0  0  0  0  0  0  0
   12.5762   10.5056  189.6963 H   0  0  0  0  0  0  0  0  0  0  0  0
   10.2118   10.4622  189.0204 H   0  0  0  0  0  0  0  0  0  0  0  0
    9.2296    9.5797  184.8933 H   0  0  0  0  0  0  0  0  0  0  0  0
    6.7017    9.4860  184.5876 H   0  0  0  0  0  0  0  0  0  0  0  0
    8.7464   12.1622  188.3710 H   0  0  0  0  0  0  0  0  0  0  0  0
    4.0586   12.4950  188.9617 H   0  0  0  0  0  0  0  0  0  0  0  0
    4.4584   13.2073  187.3656 H   0  0  0  0  0  0  0  0  0  0  0  0
    4.0379   10.2833  188.0605 H   0  0  0  0  0  0  0  0  0  0  0  0
    3.0517   11.3055  186.9741 H   0  0  0  0  0  0  0  0  0  0  0  0
   10.2378   12.0382  184.6150 H   0  0  0  0  0  0  0  0  0  0  0  0
   11.9635   11.9995  184.1179 H   0  0  0  0  0  0  0  0  0  0  0  0
   10.9947   10.4869  184.1179 H   0  0  0  0  0  0  0  0  0  0  0  0
  1  2  1  0
  2  3  2  0
  3  4  1  0
  4  5  1  0
  5  6  1  0
  6  7  1  0
  7  8  1  0
  8  9  1  0
  7 10  1  0
 10 11  2  0
 10 12  1  0
  4 13  2  0
 13 14  1  0
 14 15  1  0
 15 16  1  0
 16 17  2  0
 17 18  1  0
 18 19  2  0
 19 20  1  0
 20 21  1  0
 21 22  3  0
 20 23  2  0
 13 24  1  0
 24 25  2  0
 25 26  1  0
 26 27  1  0
 27 28  1  0
 28 29  2  0
 29 30  1  0
 30 31  2  0
 31 32  1  0
 32 33  1  0
 33 34  2  0
 34 35  1  0
 35 36  2  0
 36 37  1  0
 37 38  2  0
 37 39  1  0
 39 40  1  0
 40 41  1  0
 41 42  1  0
 32 43  2  0
 43 44  1  0
 25  2  1  0
 43 28  1  0
 23 16  1  0
 38 33  1  0
 42 36  1  0
  1 45  1  0
  1 46  1  0
  1 47  1  0
  3 48  1  0
  5 49  1  0
  5 50  1  0
  6 51  1  0
  7 52  1  6
  8 53  1  0
  8 54  1  0
  9 55  1  0
 12 56  1  0
 15 57  1  0
 15 58  1  0
 17 59  1  0
 18 60  1  0
 19 61  1  0
 23 62  1  0
 24 63  1  0
 27 64  1  0
 27 65  1  0
 29 66  1  0
 30 67  1  0
 31 68  1  0
 34 69  1  0
 35 70  1  0
 38 71  1  0
 40 72  1  0
 40 73  1  0
 41 74  1  0
 41 75  1  0
 44 76  1  0
 44 77  1  0
 44 78  1  0
M  END
>  <meeko>  (1) 
{"is_sidechain": [false], "free_energy": -7.053, "intermolecular_energy": -11.423, "internal_energy": -3.928}

$$$$
