poses
     RDKit          3D

 78 82  0  0  0  0  0  0  0  0999 V2000
   15.3430    8.8240  183.3540 C   0  0  0  0  0  0  0  0  0  0  0  0
   14.2170    9.0300  184.3650 C   0  0  0  0  0  0  0  0  0  0  0  0
   12.9740    8.4650  184.0870 C   0  0  0  0  0  0  0  0  0  0  0  0
   11.9240    8.6550  184.9560 C   0  0  0  0  0  0  0  0  0  0  0  0
   10.6020    8.0490  184.6700 C   0  0  0  0  0  0  0  0  0  0  0  0
   10.5410    6.9440  185.6550 N   0  0  0  0  0  0  0  0  0  0  0  0
   10.6710    5.6350  184.9430 C   0  0  2  0  0  0  0  0  0  0  0  0
    9.3860    4.8830  185.2910 C   0  0  0  0  0  0  0  0  0  0  0  0
    9.0990    4.9830  186.6930 O   0  0  0  0  0  0  0  0  0  0  0  0
   11.9530    4.8420  185.2800 C   0  0  0  0  0  0  0  0  0  0  0  0
   13.0510    4.9760  184.7070 O   0  0  0  0  0  0  0  0  0  0  0  0
   11.8730    3.9550  186.2620 O   0  0  0  0  0  0  0  0  0  0  0  0
   12.0890    9.3930  186.2370 C   0  0  0  0  0  0  0  0  0  0  0  0
   10.9820    9.4990  187.0160 O   0  0  0  0  0  0  0  0  0  0  0  0
   10.9210   10.4370  188.0640 C   0  0  0  0  0  0  0  0  0  0  0  0
    9.8640   11.4170  187.6810 C   0  0  0  0  0  0  0  0  0  0  0  0
    8.7800   11.4620  188.5180 C   0  0  0  0  0  0  0  0  0  0  0  0
    7.7360   12.3010  188.2370 C   0  0  0  0  0  0  0  0  0  0  0  0
    7.7620   13.1500  187.1250 C   0  0  0  0  0  0  0  0  0  0  0  0
    8.8560   13.1140  186.2610 C   0  0  0  0  0  0  0  0  0  0  0  0
    8.8780   13.8540  185.1900 C   0  0  0  0  0  0  0  0  0  0  0  0
    8.7370   14.4940  184.2100 N   0  0  0  0  0  0  0  0  0  0  0  0
    9.9030   12.2150  186.5220 C   0  0  0  0  0  0  0  0  0  0  0  0
   13.3430    9.9820  186.5620 C   0  0  0  0  0  0  0  0  0  0  0  0
   14.4190    9.8280  185.6470 C   0  0  0  0  0  0  0  0  0  0  0  0
   15.6050   10.3890  185.9290 O   0  0  0  0  0  0  0  0  0  0  0  0
   15.3760   11.6440  186.6780 C   0  0  0  0  0  0  0  0  0  0  0  0
   15.5790   12.6460  185.6690 C   0  0  0  0  0  0  0  0  0  0  0  0
   16.7260   12.6580  184.9660 C   0  0  0  0  0  0  0  0  0  0  0  0
   16.9640   13.6020  184.0420 C   0  0  0  0  0  0  0  0  0  0  0  0
   15.9910   14.5420  183.7760 C   0  0  0  0  0  0  0  0  0  0  0  0
   14.8020   14.5800  184.4270 C   0  0  0  0  0  0  0  0  0  0  0  0
   13.8050   15.6580  184.0490 C   0  0  0  0  0  0  0  0  0  0  0  0
   12.4460   15.4010  183.8020 C   0  0  0  0  0  0  0  0  0  0  0  0
   11.5710   16.4970  183.5090 C   0  0  0  0  0  0  0  0  0  0  0  0
   12.0990   17.7810  183.4490 C   0  0  0  0  0  0  0  0  0  0  0  0
   13.5090   18.0360  183.7360 C   0  0  0  0  0  0  0  0  0  0  0  0
   14.3600   16.9530  183.9860 C   0  0  0  0  0  0  0  0  0  0  0  0
   13.9540   19.3520  183.6970 O   0  0  0  0  0  0  0  0  0  0  0  0
   13.1650   20.4660  183.1690 C   0  0  0  0  0  0  0  0  0  0  0  0
   11.7440   20.2740  183.5510 C   0  0  0  0  0  0  0  0  0  0  0  0
   11.3550   18.9180  183.2000 O   0  0  0  0  0  0  0  0  0  0  0  0
   14.5450   13.6000  185.4010 C   0  0  0  0  0  0  0  0  0  0  0  0
   13.2650   13.6020  186.1180 C   0  0  0  0  0  0  0  0  0  0  0  0
   16.2887    8.6510  183.8886 H   0  0  0  0  0  0  0  0  0  0  0  0
   15.1140    7.9528  182.7226 H   0  0  0  0  0  0  0  0  0  0  0  0
   15.4373    9.7198  182.7226 H   0  0  0  0  0  0  0  0  0  0  0  0
   12.8322    7.8679  183.1741 H   0  0  0  0  0  0  0  0  0  0  0  0
    9.7890    8.7721  184.8318 H   0  0  0  0  0  0  0  0  0  0  0  0
   10.4862    7.7167  183.6278 H   0  0  0  0  0  0  0  0  0  0  0  0
   11.3100    7.0450  186.3320 H   0  0  0  0  0  0  0  0  0  0  0  0
   10.7854    5.7879  183.8597 H   0  0  0  0  0  0  0  0  0  0  0  0
    8.5503    5.3144  184.7205 H   0  0  0  0  0  0  0  0  0  0  0  0
    9.5188    3.8217  185.0339 H   0  0  0  0  0  0  0  0  0  0  0  0
    9.6590    5.6940  187.0950 H   0  0  0  0  0  0  0  0  0  0  0  0
   11.4670    3.0680  186.0950 H   0  0  0  0  0  0  0  0  0  0  0  0
   10.6553    9.9383  189.0077 H   0  0  0  0  0  0  0  0  0  0  0  0
   11.8913   10.9319  188.2173 H   0  0  0  0  0  0  0  0  0  0  0  0
    8.7490   10.8249  189.4142 H   0  0  0  0  0  0  0  0  0  0  0  0
    6.8578   12.3081  188.8993 H   0  0  0  0  0  0  0  0  0  0  0  0
    6.9267   13.8398  186.9340 H   0  0  0  0  0  0  0  0  0  0  0  0
   10.7495   12.1348  185.8241 H   0  0  0  0  0  0  0  0  0  0  0  0
   13.4761   10.5429  187.4989 H   0  0  0  0  0  0  0  0  0  0  0  0
   14.3533   11.6862  187.0808 H   0  0  0  0  0  0  0  0  0  0  0  0
   16.0334   11.7606  187.5522 H   0  0  0  0  0  0  0  0  0  0  0  0
   17.4819   11.8807  185.1517 H   0  0  0  0  0  0  0  0  0  0  0  0
   17.9231   13.6254  183.5038 H   0  0  0  0  0  0  0  0  0  0  0  0
   16.1883   15.2960  182.9998 H   0  0  0  0  0  0  0  0  0  0  0  0
   12.0589   14.3718  183.8332 H   0  0  0  0  0  0  0  0  0  0  0  0
   10.4987   16.3249  183.3344 H   0  0  0  0  0  0  0  0  0  0  0  0
   15.4393   17.1088  184.1303 H   0  0  0  0  0  0  0  0  0  0  0  0
   13.5355   21.4125  183.5895 H   0  0  0  0  0  0  0  0  0  0  0  0
   13.2545   20.4989  182.0731 H   0  0  0  0  0  0  0  0  0  0  0  0
   11.6264   20.4259  184.6341 H   0  0  0  0  0  0  0  0  0  0  0  0
   11.1085   20.9991  183.0216 H   0  0  0  0  0  0  0  0  0  0  0  0
   13.4519   13.6017  187.2020 H   0  0  0  0  0  0  0  0  0  0  0  0
   12.6931   14.5010  185.8448 H   0  0  0  0  0  0  0  0  0  0  0  0
   12.6903   12.7048  185.8448 H   0  0  0  0  0  0  0  0  0  0  0  0
  1  2  1  0
  2  3  2  0
  3  4  1  0
  4  5  1  0
  5  6  1  0
  6  7  1  0
  7  8  1  0
  8  9  1  0
  7 10  1  0
 10 11  2  0
 10 12  1  0
  4 13  2  0
 13 14  1  0
 14 15  1  0
 15 16  1  0
 16 17  2  0
 17 18  1  0
 18 19  2  0
 19 20  1  0
 20 21  1  0
 21 22  3  0
 20 23  2  0
 13 24  1  0
 24 25  2  0
 25 26  1  0
 26 27  1  0
 27 28  1  0
 28 29  2  0
 29 30  1  0
 30 31  2  0
 31 32  1  0
 32 33  1  0
 33 34  2  0
 34 35  1  0
 35 36  2  0
 36 37  1  0
 37 38  2  0
 37 39  1  0
 39 40  1  0
 40 41  1  0
 41 42  1  0
 32 43  2  0
 43 44  1  0
 25  2  1  0
 43 28  1  0
 23 16  1  0
 38 33  1  0
 42 36  1  0
  1 45  1  0
  1 46  1  0
  1 47  1  0
  3 48  1  0
  5 49  1  0
  5 50  1  0
  6 51  1  0
  7 52  1  6
  8 53  1  0
  8 54  1  0
  9 55  1  0
 12 56  1  0
 15 57  1  0
 15 58  1  0
 17 59  1  0
 18 60  1  0
 19 61  1  0
 23 62  1  0
 24 63  1  0
 27 64  1  0
 27 65  1  0
 29 66  1  0
 30 67  1  0
 31 68  1  0
 34 69  1  0
 35 70  1  0
 38 71  1  0
 40 72  1  0
 40 73  1  0
 41 74  1  0
 41 75  1  0
 44 76  1  0
 44 77  1  0
 44 78  1  0
M  END
>  <meeko>  (1) 
{"is_sidechain": [false], "free_energy": -6.687, "intermolecular_energy": -11.464, "internal_energy": -3.243}

$$$$
