poses
     RDKit          3D

 78 82  0  0  0  0  0  0  0  0999 V2000
    6.3540   17.5560  184.2270 C   0  0  0  0  0  0  0  0  0  0  0  0
    6.5140   16.1400  184.7780 C   0  0  0  0  0  0  0  0  0  0  0  0
    5.3600   15.4360  185.1200 C   0  0  0  0  0  0  0  0  0  0  0  0
    5.4620   14.1710  185.6510 C   0  0  0  0  0  0  0  0  0  0  0  0
    4.2390   13.4120  186.0090 C   0  0  0  0  0  0  0  0  0  0  0  0
    4.1770   12.3900  184.9390 N   0  0  0  0  0  0  0  0  0  0  0  0
    3.4500   11.1840  185.4440 C   0  0  2  0  0  0  0  0  0  0  0  0
    3.2540   11.4540  186.9360 C   0  0  0  0  0  0  0  0  0  0  0  0
    3.7560   10.3640  187.7230 O   0  0  0  0  0  0  0  0  0  0  0  0
    4.1530    9.8400  185.1540 C   0  0  0  0  0  0  0  0  0  0  0  0
    3.5740    8.7570  184.9430 O   0  0  0  0  0  0  0  0  0  0  0  0
    5.4790    9.8470  185.1230 O   0  0  0  0  0  0  0  0  0  0  0  0
    6.7740   13.4890  185.8080 C   0  0  0  0  0  0  0  0  0  0  0  0
    6.7410   12.2350  186.3290 O   0  0  0  0  0  0  0  0  0  0  0  0
    7.3360   11.9510  187.5740 C   0  0  0  0  0  0  0  0  0  0  0  0
    8.6150   11.2480  187.2690 C   0  0  0  0  0  0  0  0  0  0  0  0
    8.6380   10.5690  186.0790 C   0  0  0  0  0  0  0  0  0  0  0  0
    9.7530    9.8600  185.7210 C   0  0  0  0  0  0  0  0  0  0  0  0
   10.8950    9.8370  186.5290 C   0  0  0  0  0  0  0  0  0  0  0  0
   10.8860   10.5200  187.7450 C   0  0  0  0  0  0  0  0  0  0  0  0
   11.9160   10.4680  188.5400 C   0  0  0  0  0  0  0  0  0  0  0  0
   12.8640   10.2660  189.2100 N   0  0  0  0  0  0  0  0  0  0  0  0
    9.7240   11.2050  188.1360 C   0  0  0  0  0  0  0  0  0  0  0  0
    7.9760   14.1700  185.4660 C   0  0  0  0  0  0  0  0  0  0  0  0
    7.8810   15.4940  184.9610 C   0  0  0  0  0  0  0  0  0  0  0  0
    9.0040   16.1580  184.6470 O   0  0  0  0  0  0  0  0  0  0  0  0
    9.7560   15.3780  183.6400 C   0  0  0  0  0  0  0  0  0  0  0  0
   11.1200   15.6080  184.0290 C   0  0  0  0  0  0  0  0  0  0  0  0
   11.6120   16.8610  184.0170 C   0  0  0  0  0  0  0  0  0  0  0  0
   12.8910   17.1060  184.3390 C   0  0  0  0  0  0  0  0  0  0  0  0
   13.6960   16.0600  184.7390 C   0  0  0  0  0  0  0  0  0  0  0  0
   13.2650   14.7760  184.7970 C   0  0  0  0  0  0  0  0  0  0  0  0
   14.2380   13.7070  185.2550 C   0  0  0  0  0  0  0  0  0  0  0  0
   13.9610   12.8040  186.2950 C   0  0  0  0  0  0  0  0  0  0  0  0
   14.9220   11.7910  186.6140 C   0  0  0  0  0  0  0  0  0  0  0  0
   16.1150   11.7500  185.9030 C   0  0  0  0  0  0  0  0  0  0  0  0
   16.3780   12.6780  184.8060 C   0  0  0  0  0  0  0  0  0  0  0  0
   15.4460   13.6840  184.5270 C   0  0  0  0  0  0  0  0  0  0  0  0
   17.5770   12.5470  184.1150 O   0  0  0  0  0  0  0  0  0  0  0  0
   18.6840   11.6980  184.5540 C   0  0  0  0  0  0  0  0  0  0  0  0
   18.1340   10.4490  185.1370 C   0  0  0  0  0  0  0  0  0  0  0  0
   17.1070   10.8080  186.1020 O   0  0  0  0  0  0  0  0  0  0  0  0
   11.9290   14.5060  184.4560 C   0  0  0  0  0  0  0  0  0  0  0  0
   11.4230   13.1310  184.5190 C   0  0  0  0  0  0  0  0  0  0  0  0
    6.2736   18.2675  185.0621 H   0  0  0  0  0  0  0  0  0  0  0  0
    7.2291   17.8108  183.6111 H   0  0  0  0  0  0  0  0  0  0  0  0
    5.4441   17.6092  183.6111 H   0  0  0  0  0  0  0  0  0  0  0  0
    4.3705   15.8910  184.9656 H   0  0  0  0  0  0  0  0  0  0  0  0
    4.3357   12.9454  187.0004 H   0  0  0  0  0  0  0  0  0  0  0  0
    3.3361   14.0369  186.0739 H   0  0  0  0  0  0  0  0  0  0  0  0
    3.6770   12.7760  184.1250 H   0  0  0  0  0  0  0  0  0  0  0  0
    2.4948   11.0519  184.9147 H   0  0  0  0  0  0  0  0  0  0  0  0
    3.7920   12.3736  187.2095 H   0  0  0  0  0  0  0  0  0  0  0  0
    2.1779   11.5654  187.1350 H   0  0  0  0  0  0  0  0  0  0  0  0
    4.7060   10.5290  187.9480 H   0  0  0  0  0  0  0  0  0  0  0  0
    5.9620    9.2790  184.4720 H   0  0  0  0  0  0  0  0  0  0  0  0
    7.5340   12.8828  188.1241 H   0  0  0  0  0  0  0  0  0  0  0  0
    6.6777   11.3338  188.2031 H   0  0  0  0  0  0  0  0  0  0  0  0
    7.7628   10.5936  185.4131 H   0  0  0  0  0  0  0  0  0  0  0  0
    9.7510    9.2957  184.7768 H   0  0  0  0  0  0  0  0  0  0  0  0
   11.7912    9.2856  186.2084 H   0  0  0  0  0  0  0  0  0  0  0  0
    9.6803   11.7055  189.1146 H   0  0  0  0  0  0  0  0  0  0  0  0
    8.9545   13.6829  185.5898 H   0  0  0  0  0  0  0  0  0  0  0  0
    9.5016   14.3091  183.6931 H   0  0  0  0  0  0  0  0  0  0  0  0
    9.5385   15.6729  182.6028 H   0  0  0  0  0  0  0  0  0  0  0  0
   10.9544   17.6977  183.7386 H   0  0  0  0  0  0  0  0  0  0  0  0
   13.2928   18.1286  184.2847 H   0  0  0  0  0  0  0  0  0  0  0  0
   14.7359   16.2777  185.0241 H   0  0  0  0  0  0  0  0  0  0  0  0
   13.0181   12.8741  186.8571 H   0  0  0  0  0  0  0  0  0  0  0  0
   14.7190   11.0578  187.4085 H   0  0  0  0  0  0  0  0  0  0  0  0
   15.6512   14.4412  183.7559 H   0  0  0  0  0  0  0  0  0  0  0  0
   19.3241   11.4527  183.6937 H   0  0  0  0  0  0  0  0  0  0  0  0
   19.2820   12.2286  185.3096 H   0  0  0  0  0  0  0  0  0  0  0  0
   17.6958    9.8288  184.3412 H   0  0  0  0  0  0  0  0  0  0  0  0
   18.9338    9.8773  185.6304 H   0  0  0  0  0  0  0  0  0  0  0  0
   11.3119   12.8290  185.5709 H   0  0  0  0  0  0  0  0  0  0  0  0
   10.4459   13.0765  184.0167 H   0  0  0  0  0  0  0  0  0  0  0  0
   12.1317   12.4561  184.0167 H   0  0  0  0  0  0  0  0  0  0  0  0
  1  2  1  0
  2  3  2  0
  3  4  1  0
  4  5  1  0
  5  6  1  0
  6  7  1  0
  7  8  1  0
  8  9  1  0
  7 10  1  0
 10 11  2  0
 10 12  1  0
  4 13  2  0
 13 14  1  0
 14 15  1  0
 15 16  1  0
 16 17  2  0
 17 18  1  0
 18 19  2  0
 19 20  1  0
 20 21  1  0
 21 22  3  0
 20 23  2  0
 13 24  1  0
 24 25  2  0
 25 26  1  0
 26 27  1  0
 27 28  1  0
 28 29  2  0
 29 30  1  0
 30 31  2  0
 31 32  1  0
 32 33  1  0
 33 34  2  0
 34 35  1  0
 35 36  2  0
 36 37  1  0
 37 38  2  0
 37 39  1  0
 39 40  1  0
 40 41  1  0
 41 42  1  0
 32 43  2  0
 43 44  1  0
 25  2  1  0
 43 28  1  0
 23 16  1  0
 38 33  1  0
 42 36  1  0
  1 45  1  0
  1 46  1  0
  1 47  1  0
  3 48  1  0
  5 49  1  0
  5 50  1  0
  6 51  1  0
  7 52  1  6
  8 53  1  0
  8 54  1  0
  9 55  1  0
 12 56  1  0
 15 57  1  0
 15 58  1  0
 17 59  1  0
 18 60  1  0
 19 61  1  0
 23 62  1  0
 24 63  1  0
 27 64  1  0
 27 65  1  0
 29 66  1  0
 30 67  1  0
 31 68  1  0
 34 69  1  0
 35 70  1  0
 38 71  1  0
 40 72  1  0
 40 73  1  0
 41 74  1  0
 41 75  1  0
 44 76  1  0
 44 77  1  0
 44 78  1  0
M  END
>  <meeko>  (1) 
{"is_sidechain": [false], "free_energy": -6.648, "intermolecular_energy": -10.656, "internal_energy": -3.983}

$$$$
