poses
     RDKit          3D

 78 82  0  0  0  0  0  0  0  0999 V2000
   14.5860    8.9860  183.2270 C   0  0  0  0  0  0  0  0  0  0  0  0
   13.5970    9.1680  184.3760 C   0  0  0  0  0  0  0  0  0  0  0  0
   12.3000    8.6860  184.2070 C   0  0  0  0  0  0  0  0  0  0  0  0
   11.3690    8.8590  185.2050 C   0  0  0  0  0  0  0  0  0  0  0  0
    9.9890    8.3420  185.0350 C   0  0  0  0  0  0  0  0  0  0  0  0
    9.9520    7.2190  186.0000 N   0  0  0  0  0  0  0  0  0  0  0  0
    9.7100    5.9380  185.2650 C   0  0  2  0  0  0  0  0  0  0  0  0
    8.4430    5.3670  185.9010 C   0  0  0  0  0  0  0  0  0  0  0  0
    8.7510    4.6730  187.1180 O   0  0  0  0  0  0  0  0  0  0  0  0
   10.8980    4.9520  185.2780 C   0  0  0  0  0  0  0  0  0  0  0  0
   10.8420    3.7560  184.9330 O   0  0  0  0  0  0  0  0  0  0  0  0
   12.0690    5.4240  185.6840 O   0  0  0  0  0  0  0  0  0  0  0  0
   11.7210    9.4870  186.5060 C   0  0  0  0  0  0  0  0  0  0  0  0
   10.7170    9.5850  187.4160 O   0  0  0  0  0  0  0  0  0  0  0  0
   10.6410   10.6840  188.2940 C   0  0  0  0  0  0  0  0  0  0  0  0
    9.5380   11.5470  187.7820 C   0  0  0  0  0  0  0  0  0  0  0  0
    8.3180   11.3460  188.3710 C   0  0  0  0  0  0  0  0  0  0  0  0
    7.2310   12.0620  187.9490 C   0  0  0  0  0  0  0  0  0  0  0  0
    7.3400   13.0300  186.9440 C   0  0  0  0  0  0  0  0  0  0  0  0
    8.5740   13.2440  186.3310 C   0  0  0  0  0  0  0  0  0  0  0  0
    8.6890   14.0990  185.3560 C   0  0  0  0  0  0  0  0  0  0  0  0
    8.6430   14.8230  184.4270 N   0  0  0  0  0  0  0  0  0  0  0  0
    9.6780   12.4720  186.7300 C   0  0  0  0  0  0  0  0  0  0  0  0
   13.0350    9.9870  186.7230 C   0  0  0  0  0  0  0  0  0  0  0  0
   13.9880    9.8540  185.6790 C   0  0  0  0  0  0  0  0  0  0  0  0
   15.2290   10.3330  185.8580 O   0  0  0  0  0  0  0  0  0  0  0  0
   15.1560   11.5510  186.6930 C   0  0  0  0  0  0  0  0  0  0  0  0
   15.3510   12.5980  185.7280 C   0  0  0  0  0  0  0  0  0  0  0  0
   16.5060   12.6600  185.0400 C   0  0  0  0  0  0  0  0  0  0  0  0
   16.7350   13.6450  184.1580 C   0  0  0  0  0  0  0  0  0  0  0  0
   15.7470   14.5770  183.9190 C   0  0  0  0  0  0  0  0  0  0  0  0
   14.5510   14.5660  184.5570 C   0  0  0  0  0  0  0  0  0  0  0  0
   13.5370   15.6390  184.2110 C   0  0  0  0  0  0  0  0  0  0  0  0
   13.5120   16.9040  184.8210 C   0  0  0  0  0  0  0  0  0  0  0  0
   12.5510   17.8720  184.3830 C   0  0  0  0  0  0  0  0  0  0  0  0
   11.6510   17.5190  183.3850 C   0  0  0  0  0  0  0  0  0  0  0  0
   11.7070   16.2090  182.7390 C   0  0  0  0  0  0  0  0  0  0  0  0
   12.6270   15.2620  183.2010 C   0  0  0  0  0  0  0  0  0  0  0  0
   10.7990   15.9460  181.7200 O   0  0  0  0  0  0  0  0  0  0  0  0
    9.6530   16.8000  181.4060 C   0  0  0  0  0  0  0  0  0  0  0  0
   10.0500   18.2200  181.5680 C   0  0  0  0  0  0  0  0  0  0  0  0
   10.6950   18.3700  182.8620 O   0  0  0  0  0  0  0  0  0  0  0  0
   14.3020   13.5420  185.4870 C   0  0  0  0  0  0  0  0  0  0  0  0
   13.0140   13.4910  186.1880 C   0  0  0  0  0  0  0  0  0  0  0  0
   15.5910    8.8011  183.6341 H   0  0  0  0  0  0  0  0  0  0  0  0
   14.2772    8.1296  182.6096 H   0  0  0  0  0  0  0  0  0  0  0  0
   14.6023    9.8962  182.6096 H   0  0  0  0  0  0  0  0  0  0  0  0
   12.0214    8.1682  183.2773 H   0  0  0  0  0  0  0  0  0  0  0  0
    9.2422    9.1091  185.2876 H   0  0  0  0  0  0  0  0  0  0  0  0
    9.7543    8.0437  184.0026 H   0  0  0  0  0  0  0  0  0  0  0  0
   10.8520    7.1640  186.4970 H   0  0  0  0  0  0  0  0  0  0  0  0
    9.5897    6.1220  184.1872 H   0  0  0  0  0  0  0  0  0  0  0  0
    7.7479    6.1905  186.1217 H   0  0  0  0  0  0  0  0  0  0  0  0
    7.9849    4.6568  185.1969 H   0  0  0  0  0  0  0  0  0  0  0  0
    8.8020    5.3220  187.8650 H   0  0  0  0  0  0  0  0  0  0  0  0
   12.1040    6.1320  186.3740 H   0  0  0  0  0  0  0  0  0  0  0  0
   10.4156   10.3421  189.3149 H   0  0  0  0  0  0  0  0  0  0  0  0
   11.5939   11.2320  188.3352 H   0  0  0  0  0  0  0  0  0  0  0  0
    8.2122   10.6103  189.1819 H   0  0  0  0  0  0  0  0  0  0  0  0
    6.2502   11.8727  188.4096 H   0  0  0  0  0  0  0  0  0  0  0  0
    6.4603   13.6165  186.6405 H   0  0  0  0  0  0  0  0  0  0  0  0
   10.6470   12.5898  186.2229 H   0  0  0  0  0  0  0  0  0  0  0  0
   13.3060   10.4648  187.6760 H   0  0  0  0  0  0  0  0  0  0  0  0
   14.1753   11.6392  187.1834 H   0  0  0  0  0  0  0  0  0  0  0  0
   15.8890   11.5666  187.5130 H   0  0  0  0  0  0  0  0  0  0  0  0
   17.2749   11.8906  185.2034 H   0  0  0  0  0  0  0  0  0  0  0  0
   17.6990   13.7083  183.6320 H   0  0  0  0  0  0  0  0  0  0  0  0
   15.9383   15.3657  183.1764 H   0  0  0  0  0  0  0  0  0  0  0  0
   14.2216   17.1484  185.6252 H   0  0  0  0  0  0  0  0  0  0  0  0
   12.5261   18.8772  184.8290 H   0  0  0  0  0  0  0  0  0  0  0  0
   12.6407   14.2437  182.7851 H   0  0  0  0  0  0  0  0  0  0  0  0
    9.3340   16.6223  180.3684 H   0  0  0  0  0  0  0  0  0  0  0  0
    8.8193   16.5675  182.0849 H   0  0  0  0  0  0  0  0  0  0  0  0
   10.7502   18.5038  180.7685 H   0  0  0  0  0  0  0  0  0  0  0  0
    9.1644   18.8697  181.5089 H   0  0  0  0  0  0  0  0  0  0  0  0
   13.1872   13.4979  187.2743 H   0  0  0  0  0  0  0  0  0  0  0  0
   12.4091   14.3659  185.9076 H   0  0  0  0  0  0  0  0  0  0  0  0
   12.4801   12.5710  185.9076 H   0  0  0  0  0  0  0  0  0  0  0  0
  1  2  1  0
  2  3  2  0
  3  4  1  0
  4  5  1  0
  5  6  1  0
  6  7  1  0
  7  8  1  0
  8  9  1  0
  7 10  1  0
 10 11  2  0
 10 12  1  0
  4 13  2  0
 13 14  1  0
 14 15  1  0
 15 16  1  0
 16 17  2  0
 17 18  1  0
 18 19  2  0
 19 20  1  0
 20 21  1  0
 21 22  3  0
 20 23  2  0
 13 24  1  0
 24 25  2  0
 25 26  1  0
 26 27  1  0
 27 28  1  0
 28 29  2  0
 29 30  1  0
 30 31  2  0
 31 32  1  0
 32 33  1  0
 33 34  2  0
 34 35  1  0
 35 36  2  0
 36 37  1  0
 37 38  2  0
 37 39  1  0
 39 40  1  0
 40 41  1  0
 41 42  1  0
 32 43  2  0
 43 44  1  0
 25  2  1  0
 43 28  1  0
 23 16  1  0
 38 33  1  0
 42 36  1  0
  1 45  1  0
  1 46  1  0
  1 47  1  0
  3 48  1  0
  5 49  1  0
  5 50  1  0
  6 51  1  0
  7 52  1  6
  8 53  1  0
  8 54  1  0
  9 55  1  0
 12 56  1  0
 15 57  1  0
 15 58  1  0
 17 59  1  0
 18 60  1  0
 19 61  1  0
 23 62  1  0
 24 63  1  0
 27 64  1  0
 27 65  1  0
 29 66  1  0
 30 67  1  0
 31 68  1  0
 34 69  1  0
 35 70  1  0
 38 71  1  0
 40 72  1  0
 40 73  1  0
 41 74  1  0
 41 75  1  0
 44 76  1  0
 44 77  1  0
 44 78  1  0
M  END
>  <meeko>  (1) 
{"is_sidechain": [false], "free_energy": -6.698, "intermolecular_energy": -11.0, "internal_energy": -3.727}

$$$$
