poses
     RDKit          3D

 78 82  0  0  0  0  0  0  0  0999 V2000
   12.9360   11.0150  188.3470 C   0  0  0  0  0  0  0  0  0  0  0  0
   11.8900   10.3890  187.4260 C   0  0  0  0  0  0  0  0  0  0  0  0
   10.5800   10.8560  187.5080 C   0  0  0  0  0  0  0  0  0  0  0  0
    9.6010   10.2950  186.7200 C   0  0  0  0  0  0  0  0  0  0  0  0
    8.2070   10.7940  186.7960 C   0  0  0  0  0  0  0  0  0  0  0  0
    8.2270   11.9330  185.8500 N   0  0  0  0  0  0  0  0  0  0  0  0
    7.6810   13.1520  186.5250 C   0  0  2  0  0  0  0  0  0  0  0  0
    6.2760   12.7440  186.9680 C   0  0  0  0  0  0  0  0  0  0  0  0
    5.2820   13.5500  186.3180 O   0  0  0  0  0  0  0  0  0  0  0  0
    7.7020   14.4320  185.6620 C   0  0  0  0  0  0  0  0  0  0  0  0
    7.6700   14.4590  184.4170 O   0  0  0  0  0  0  0  0  0  0  0  0
    7.7520   15.5910  186.3040 O   0  0  0  0  0  0  0  0  0  0  0  0
    9.9090    9.2420  185.7160 C   0  0  0  0  0  0  0  0  0  0  0  0
    8.8600    8.7810  184.9880 O   0  0  0  0  0  0  0  0  0  0  0  0
    8.9640    7.5940  184.2380 C   0  0  0  0  0  0  0  0  0  0  0  0
    8.2480    6.5460  185.0200 C   0  0  0  0  0  0  0  0  0  0  0  0
    6.8860    6.5400  184.8750 C   0  0  0  0  0  0  0  0  0  0  0  0
    6.1300    5.6400  185.5770 C   0  0  0  0  0  0  0  0  0  0  0  0
    6.7200    4.6930  186.4210 C   0  0  0  0  0  0  0  0  0  0  0  0
    8.1060    4.6880  186.5820 C   0  0  0  0  0  0  0  0  0  0  0  0
    8.6730    3.8530  187.4040 C   0  0  0  0  0  0  0  0  0  0  0  0
    9.0560    3.1190  188.2430 N   0  0  0  0  0  0  0  0  0  0  0  0
    8.8760    5.6450  185.9000 C   0  0  0  0  0  0  0  0  0  0  0  0
   11.2350    8.7400  185.5960 C   0  0  0  0  0  0  0  0  0  0  0  0
   12.2410    9.2820  186.4400 C   0  0  0  0  0  0  0  0  0  0  0  0
   13.4950    8.8110  186.3520 O   0  0  0  0  0  0  0  0  0  0  0  0
   14.0220    9.1030  185.0010 C   0  0  0  0  0  0  0  0  0  0  0  0
   14.8460   10.2570  185.2350 C   0  0  0  0  0  0  0  0  0  0  0  0
   16.0340   10.1110  185.8490 C   0  0  0  0  0  0  0  0  0  0  0  0
   16.8110   11.1730  186.1160 C   0  0  0  0  0  0  0  0  0  0  0  0
   16.4030   12.4240  185.7060 C   0  0  0  0  0  0  0  0  0  0  0  0
   15.2300   12.6460  185.0630 C   0  0  0  0  0  0  0  0  0  0  0  0
   14.8860   14.0650  184.6550 C   0  0  0  0  0  0  0  0  0  0  0  0
   13.7670   14.7600  185.1430 C   0  0  0  0  0  0  0  0  0  0  0  0
   13.5600   16.1200  184.7430 C   0  0  0  0  0  0  0  0  0  0  0  0
   14.4590   16.7030  183.8580 C   0  0  0  0  0  0  0  0  0  0  0  0
   15.6340   15.9780  183.3810 C   0  0  0  0  0  0  0  0  0  0  0  0
   15.8050   14.6390  183.7520 C   0  0  0  0  0  0  0  0  0  0  0  0
   16.5090   16.6430  182.5300 O   0  0  0  0  0  0  0  0  0  0  0  0
   16.2180   17.9330  181.9050 C   0  0  0  0  0  0  0  0  0  0  0  0
   15.4840   18.7840  182.8730 C   0  0  0  0  0  0  0  0  0  0  0  0
   14.3800   18.0110  183.4180 O   0  0  0  0  0  0  0  0  0  0  0  0
   14.4060   11.5430  184.7830 C   0  0  0  0  0  0  0  0  0  0  0  0
   13.1340   11.7420  184.0790 C   0  0  0  0  0  0  0  0  0  0  0  0
   12.6506   10.8442  189.3955 H   0  0  0  0  0  0  0  0  0  0  0  0
   13.9165   10.5551  188.1543 H   0  0  0  0  0  0  0  0  0  0  0  0
   12.9940   12.0964  188.1543 H   0  0  0  0  0  0  0  0  0  0  0  0
   10.3285   11.6719  188.2015 H   0  0  0  0  0  0  0  0  0  0  0  0
    7.4901   10.0233  186.4764 H   0  0  0  0  0  0  0  0  0  0  0  0
    7.8937   11.0719  187.8132 H   0  0  0  0  0  0  0  0  0  0  0  0
    9.1950   12.1120  185.5490 H   0  0  0  0  0  0  0  0  0  0  0  0
    8.3169   13.4488  187.3721 H   0  0  0  0  0  0  0  0  0  0  0  0
    6.1090   11.6878  186.7099 H   0  0  0  0  0  0  0  0  0  0  0  0
    6.1928   12.8905  188.0550 H   0  0  0  0  0  0  0  0  0  0  0  0
    4.4230   13.0570  186.2910 H   0  0  0  0  0  0  0  0  0  0  0  0
    7.6180   15.6200  187.2840 H   0  0  0  0  0  0  0  0  0  0  0  0
    8.4933    7.7229  183.2522 H   0  0  0  0  0  0  0  0  0  0  0  0
   10.0149    7.3186  184.0656 H   0  0  0  0  0  0  0  0  0  0  0  0
    6.4007    7.2567  184.1961 H   0  0  0  0  0  0  0  0  0  0  0  0
    5.0349    5.6619  185.4752 H   0  0  0  0  0  0  0  0  0  0  0  0
    6.0969    3.9590  186.9529 H   0  0  0  0  0  0  0  0  0  0  0  0
    9.9644    5.6898  186.0531 H   0  0  0  0  0  0  0  0  0  0  0  0
   11.4752    7.9516  184.8675 H   0  0  0  0  0  0  0  0  0  0  0  0
   14.6159    8.2614  184.6149 H   0  0  0  0  0  0  0  0  0  0  0  0
   13.2367    9.2685  184.2488 H   0  0  0  0  0  0  0  0  0  0  0  0
   16.3744    9.1054  186.1370 H   0  0  0  0  0  0  0  0  0  0  0  0
   17.7613   11.0462  186.6552 H   0  0  0  0  0  0  0  0  0  0  0  0
   17.0597   13.2826  185.9099 H   0  0  0  0  0  0  0  0  0  0  0  0
   13.0583   14.2660  185.8240 H   0  0  0  0  0  0  0  0  0  0  0  0
   12.7043   16.6929  185.1297 H   0  0  0  0  0  0  0  0  0  0  0  0
   16.6390   14.0467  183.3476 H   0  0  0  0  0  0  0  0  0  0  0  0
   17.1595   18.4257  181.6206 H   0  0  0  0  0  0  0  0  0  0  0  0
   15.6044   17.7799  181.0050 H   0  0  0  0  0  0  0  0  0  0  0  0
   16.1596   19.0905  183.6852 H   0  0  0  0  0  0  0  0  0  0  0  0
   15.1028   19.6854  182.3709 H   0  0  0  0  0  0  0  0  0  0  0  0
   12.3246   11.8686  184.8130 H   0  0  0  0  0  0  0  0  0  0  0  0
   13.2008   12.6406  183.4481 H   0  0  0  0  0  0  0  0  0  0  0  0
   12.9231   10.8659  183.4481 H   0  0  0  0  0  0  0  0  0  0  0  0
  1  2  1  0
  2  3  2  0
  3  4  1  0
  4  5  1  0
  5  6  1  0
  6  7  1  0
  7  8  1  0
  8  9  1  0
  7 10  1  0
 10 11  2  0
 10 12  1  0
  4 13  2  0
 13 14  1  0
 14 15  1  0
 15 16  1  0
 16 17  2  0
 17 18  1  0
 18 19  2  0
 19 20  1  0
 20 21  1  0
 21 22  3  0
 20 23  2  0
 13 24  1  0
 24 25  2  0
 25 26  1  0
 26 27  1  0
 27 28  1  0
 28 29  2  0
 29 30  1  0
 30 31  2  0
 31 32  1  0
 32 33  1  0
 33 34  2  0
 34 35  1  0
 35 36  2  0
 36 37  1  0
 37 38  2  0
 37 39  1  0
 39 40  1  0
 40 41  1  0
 41 42  1  0
 32 43  2  0
 43 44  1  0
 25  2  1  0
 43 28  1  0
 23 16  1  0
 38 33  1  0
 42 36  1  0
  1 45  1  0
  1 46  1  0
  1 47  1  0
  3 48  1  0
  5 49  1  0
  5 50  1  0
  6 51  1  0
  7 52  1  1
  8 53  1  0
  8 54  1  0
  9 55  1  0
 12 56  1  0
 15 57  1  0
 15 58  1  0
 17 59  1  0
 18 60  1  0
 19 61  1  0
 23 62  1  0
 24 63  1  0
 27 64  1  0
 27 65  1  0
 29 66  1  0
 30 67  1  0
 31 68  1  0
 34 69  1  0
 35 70  1  0
 38 71  1  0
 40 72  1  0
 40 73  1  0
 41 74  1  0
 41 75  1  0
 44 76  1  0
 44 77  1  0
 44 78  1  0
M  END
>  <meeko>  (1) 
{"is_sidechain": [false], "free_energy": -6.598, "intermolecular_energy": -11.16, "internal_energy": -3.392}

$$$$
